12.65
-146.14
37.76
-224.16
8.58
-184.29
-159.09
-250
-109.6
-81.3
-42
11.1
-13.3
-46.88
-109.01
-321.37
-160.5
-217.5
10.4
-150.6
-126
-61.8
-79.62
13.8
623.5
156.3
1
60.93
-6.9
-89.51
-75.35
-32.8
-1.04
-0.73
-1
161.62
-38.44
-35.07
-324
-663.38
40
-7.7
-27.15
-165.51
-142
199.23
-51.1
95.64
128.8
-17.1
59.8
16.33
1
-28.2
-0.02
-33.2
-334.4
-158.18
-49.6
-77.36
-280.51
-70.6
-25.2
204.06
-33.6
1.1
44
34.9
135.16
-0.03
75.1
28.2
157.43
-174.8
436.42
324.22
-782.17
-97.72
-224.74
-617.89
-189
38.67
10.05
7.7
18.08
-19.3
-73.42
55.84
0.01
2.81
70.94
65.3
70.63
171.93
-151.31
20
-62.13
16.7
80.59
175.66
-108.69
-854.28
-0.05
73.88
-33.21
4.19
22.57
84.71
12.1
8.67
5.16
9.82
12.89
39.56
5.86
10.01
13.760
10.8
7.44